60
77
91
47
97
68
91
100
88
78
1
94
87
69
84
46
88
82
100
90
76
71
94
89
61
0
89
91
73
100
98
72
100
84
60
87
60
89
83
100
70
73
86
84
91
60
92
85
88
50
86
100
87
88
88
89
89
89
100
73
90
90
96
82
100
89
81
89
81
76
93
87
93
95
77
89
86
100
79
90
87
94
78
99
97
97
96
92
77
78
1
95
51
74
84
95
100
98
92
97
88
75
89
2
97
71
98
93
89
96
18
83
23
23
1
97
100
55
73
89
97
100
73
93
78
83
91
89
73
92
94
82
64
32
95
89
95
93
91
94
83
67
100
77
98
92
49
55
95
77
15
58
67
88
56
83
67
59
94
93
76
98
1
75
69
78
81
91
88
12
41
38
92
100
95
80
100
87
13
97
93
79
100
55
68
50
97
90
13
83
100
76
83
99
73
92
73
66
96
77
100
45
37
37
86
81
77
76
73
67
58
76
59
71
81
70
89
88
74
73
87
71
100
72
100
100
89
100
56
2
68
86
76
72
95
81
47
99.8
47
89
77
100
92
100
55
41
48
100
76
100
100
96
89
90
90
1
100
100
93
100
19
93
77
45
76
99
94
100
67
89
51
21
87
89
98
95
87
76
57
78
80
80
74
96
96
10
92
4
100
37
46
93
100
95
100
93
87
92
95
81
95
81
96
49
77
100
96
100
69
68
94
79
74
92
90
93
98
81
95
69
100
83
57
86
71
73
8
78
91
96
100
78
98
67
94
87
45
78
80
1
89
59
31
94
92
99
99
87
100
73
95
93
71
100
85
90
45
45
97
56
64
73
50
41
45
99
95
100
59
100
100
79
71
83
77
100
96
58
83
87
70
100
100
61
53
61
32
89
86
71
66
84
55
92
77
76
100
98
45
94
37
2
2
89
79
67
57
98
93
71
95
79
77
4
57
90
56
56
28
88
96
71
100
84
90
73
53
72
100
84
99
89
84
71
85
17
86
87
100
53
88
2
81
87
95
62
74
78
95
66
56
79
74
89
92
93
100
79
90
87
76
2
89
88
78
86
74
100
97
99.8
39
2
76
51
87
71
97
93
23
90
97
85
97
100
100
89
68
11
92
85
2
41
81
57
100
89
95
37
66
93
93
87
32
78
83
77
68
73
83
96
25
94
99
77
58
98
100
94
58
2
90
94
100
94
100
91
38
47
86
100
75
63
89
17
89
76
74
83
83
90
89
76
85
93
97
10
100
75
87
80
47
72
100
90
70
76
1
69
79
100
89
47
83
92
80
99
94
91
88
89
100
49
91
98
38
90
100
50
82
89
100
96
47
81
91
93
2
81
67
89
74
91
84
67
78
76
71
2
78
57
97
2
36
81
13
94
89
100
92
100
78
68
3
88
76
41
91
79
92
92
82
89
1
1
73
97
92
84
74
59
76
81
71
94
79
93
76
68
96
97
91
73
68
68
100
83
99
79
98
1
13
100
82
100
82
90
100
73
99
70
100
74
60
40
100
44
57
68
54
85
81
91
92
83
67
96
87
93
91
87
79
100
4
84
73
14
86
99
83
68
81
90
36
48
89
80
99
81
93
72
87
89
65
93
77
100
82
100
72
51
95
38
100
91
92
100
78
100
86
72
65
100
89
89
100
86
86
100
68
84
91
47
73
5
100
2
80
89
54
92
100
87
52
100
78
79
88
95
55
55
55
40
89
52
64
27
95
87
44
95
76
89
74
81
37
73
46
89
87
56
86
59
83
89
59
61
96
91
94
57
62
48
59
74
100
79
87
23
51
1
91
12
72
33
39
91
89
68
69
70
4
85
25
19
78
89
84
100
87
60
76
94
76
100
57
100
98
98
87
82
100
36
83
83
67
91
96
6
97
88
100
65
92
78
72
2
77
86
88
